




















  LIBRETTO DI CAMPAGNA





  File:                        16.GPO

  N.Lavoro:                    1


  Nome Lavoro:                 16

  Operatore:

  Strumento:


  Data:                        16/01/2020





  Nome Stazione:               100

  Identificativo:


  Temperatura:

  Pressione:


  Altezza strum:               1.000



  Codice                Nome               Altezza  Distanza    Angolo    Angolo  Distanza   Quota  Co.Rel.  Co.Rel.

  punto                 punto               Prisma     incl.     vert.    orizz.    orizz.    rel.     Nord      Est

                        200                  0.000   17.1033  100.5297    0.0000   17.1027  0.8577   17.103    0.000

                        200                  0.000   17.1031  100.5297    0.0000   17.1025  0.8577   17.103    0.000

                        200                  0.000   17.1037  100.5297    0.0000   17.1031  0.8577   17.103    0.000
                        200                  0.000   17.1035  100.5297    0.0000   17.1029  0.8577   17.103    0.000

                        201                  0.000   32.2844   98.3525    0.0001   32.2736  1.8354   32.274    0.000

                        202                  0.000   33.6465   96.6190   32.3187   33.5991  2.7861   29.362   16.334
                        203                  0.000    6.8670   86.6772  134.9896    6.7172  2.4266   -3.509    5.728

                        204                  0.000    7.1880   86.6772  141.1179    7.0312  2.4933   -4.232    5.615

                        205                  0.000   13.7174   86.6829  295.9827   13.4184  3.8486   -0.846  -13.392
                        206                  0.000   13.5660   86.6825  299.1077   13.2703  3.8172   -0.186  -13.269

                        207                  0.000   32.7598   96.6921  305.5234   32.7156  2.7014    2.835  -32.593

                        208                  0.000   32.7576   96.6921  305.4897   32.7134  2.7013    2.817  -32.592
                        209                  0.000   32.7573   96.6923  305.4646   32.7131  2.7012    2.805  -32.593

                        210                  0.000   32.7585   96.6923  305.4414   32.7143  2.7013    2.793  -32.595

                        211                  0.000   32.7616   96.6924  305.4131   32.7174  2.7014    2.779  -32.599
                        212                  0.000   23.3335   95.5343  341.3331   23.2761  2.6354   14.073  -18.540

                        213                  0.000   23.3299   95.5340  341.3656   23.2725  2.6353   14.080  -18.530

                        214                  0.000   23.3291   95.5339  341.4136   23.2717  2.6353   14.093  -18.519
                        215                  0.000   23.3305   95.5342  341.4464   23.2731  2.6353   14.104  -18.513

                        216                  0.000   23.3337   95.5342  341.4752   23.2763  2.6355   14.114  -18.509

                        217                  0.000    7.1228   85.0066  365.2825    6.9262  2.6621    5.922   -3.593
                        218                  0.000    7.1171   85.0066  365.4074    6.9206  2.6607    5.924   -3.578

                        219                  0.000    7.1157   85.0068  365.5560    6.9193  2.6604    5.931   -3.564

                        220                  0.000    7.1175   85.0066  365.6966    6.9210  2.6608    5.940   -3.551
                        221                  0.000    7.1229   85.0066  365.7972    6.9263  2.6621    5.950   -3.545


  Pagina 1 di 13





  Codice          Nome   Altezza  Distanza    Angolo    Angolo  Distanza   Quota  Co.Rel.  Co.Rel.

  punto           punto   Prisma     incl.     vert.    orizz.    orizz.    rel.     Nord      Est


                  222      0.000   20.9935   94.9849  394.6516   20.9284  2.6521   20.855   -1.756
                  223      0.000   20.9880   94.9847  394.6004   20.9229  2.6517   20.848   -1.772

                  224      0.000   20.9872   94.9846  394.5496   20.9221  2.6517   20.845   -1.789

                  225      0.000   20.9883   94.9847  394.5165   20.9232  2.6518   20.846   -1.800
                  226      0.000   20.9914   94.9847  394.4886   20.9263  2.6520   20.848   -1.809

                  227      0.000   26.6536   95.7427  391.8955   26.5940  2.7811   26.379   -3.376

                  228      0.000   26.6510   95.7427  391.9317   26.5914  2.7809   26.378   -3.361
                  229      0.000   26.6513   95.7424  391.9753   26.5917  2.7811   26.381   -3.343

                  230      0.000   26.6553   95.7423  392.0209   26.5957  2.7814   26.387   -3.325

                  231      0.000   20.4023   94.7186   21.6455   20.3321  2.6906   19.168    6.781
                  232      0.000   20.3971   94.7185   21.7058   20.3269  2.6902   19.157    6.797

                  233      0.000   20.3973   94.7185   21.7538   20.3271  2.6903   19.152    6.812

                  234      0.000   20.3997   94.7186   21.7944   20.3295  2.6904   19.150    6.825
                  235      0.000   20.4039   94.7186   21.8267   20.3337  2.6908   19.150    6.836

                  236      0.000   21.1258   94.7178   33.1864   21.0531  2.7509   18.257   10.484

                  237      0.000   21.1214   94.7178   33.2372   21.0487  2.7505   18.245   10.497
                  238      0.000   21.1214   94.7178   33.2887   21.0487  2.7505   18.236   10.512

                  239      0.000   21.1245   94.7179   33.3310   21.0518  2.7507   18.232   10.525

                  240      0.000   11.0450   90.1776   26.5697   10.9138  2.6974    9.977    4.424
                  241      0.000   11.0398   90.2090   26.6383   10.9095  2.6912    9.968    4.433

                  242      0.000   11.0382   90.2090   26.7257   10.9079  2.6910    9.961    4.446

                  243      0.000   11.0401   90.2090   26.8107   10.9098  2.6912    9.957    4.460
                  244      0.000   11.0443   90.2090   26.8723   10.9139  2.6919    9.956    4.471

                  245      0.000   29.7985   96.4750   30.3999   29.7528  2.6491   26.425   13.674

                  246      0.000   29.7954   96.4749   30.4335   29.7497  2.6490   26.415   13.686
                  247      0.000   29.7958   96.4750   30.4705   29.7501  2.6490   26.407   13.702

                  248      0.000   29.7987   96.4751   30.5077   29.7530  2.6491   26.402   13.719

                  200      0.000   17.1051  100.5198    0.0000   17.1045  0.8603   17.105    0.000
                  200      0.000   17.1050  100.5197    0.0000   17.1044  0.8604   17.104    0.000

                  200      0.000   17.1049  100.5196    0.0000   17.1043  0.8604   17.104    0.000


















































  Pagina 2 di 13






  File:                   16.GPO

  N.Lavoro:               1


  Nome Lavoro:            16

  Operatore:


  Strumento:

  Data:                   16/01/2020





  Nome Stazione:          200


  Identificativo:

  Temperatura:


  Pressione:

  Altezza strum:          0.000



  Codice           Nome               Altezza  Distanza    Angolo  Angolo  Distanza    Quota  Co.Rel.  Co.Rel.

  punto            punto               Prisma     incl.     vert.  orizz.    orizz.     rel.     Nord      Est


                   100                  0.000   17.1039  100.1477  0.0000   17.1039  -0.0397   17.104    0.000
                   100                  0.000   17.1042  100.1462  0.0019   17.1042  -0.0393   17.104    0.001
































































  Pagina 3 di 13






  File:                   16.GPO

  N.Lavoro:               1


  Nome Lavoro:            16

  Operatore:


  Strumento:

  Data:                   16/01/2020





  Nome Stazione:          100


  Identificativo:

  Temperatura:


  Pressione:

  Altezza strum:          0.000



  Codice           Nome               Altezza  Distanza    Angolo    Angolo  Distanza    Quota  Co.Rel.  Co.Rel.

  punto            punto               Prisma     incl.     vert.    orizz.    orizz.     rel.     Nord      Est


                   200                  0.000   17.1039  100.1459    0.0007   17.1039  -0.0392   17.104    0.000
                   200                  0.000   17.1041  100.1460    0.0007   17.1041  -0.0392   17.104    0.000

                   200                  0.000   17.1039  100.1463    0.0007   17.1039  -0.0393   17.104    0.000

                   100                  0.000   17.1041  100.1463    0.0007   17.1041  -0.0393   17.104    0.000
                   100                  0.000   17.1041  100.1464    0.0007   17.1041  -0.0393   17.104    0.000

                   100                  0.000   17.1042  100.1465    0.0007   17.1042  -0.0394   17.104    0.000

                   101                  0.000   17.1041  100.1467    0.0007   17.1041  -0.0394   17.104    0.000
                   100                  0.000   17.1042  100.1469    0.0007   17.1042  -0.0395   17.104    0.000

                   100                  0.000   17.1041  100.1467    0.0007   17.1041  -0.0394   17.104    0.000

                   220                  0.000   11.7907   90.2839   19.6960   11.6536   1.7925   11.100    3.548
                   221                  0.000   11.7854   90.2840   19.7549   11.6484   1.7917   11.092    3.557

                   222                  0.000   11.7826   90.2842   19.8581   11.6456   1.7912   11.084    3.574

                   223                  0.000   11.7839   90.2844   19.9274   11.6469   1.7914   11.081    3.586
                   224                  0.000   11.7878   90.2845   19.9822   11.6508   1.7920   11.082    3.597

                   225                  0.000   18.8326   94.2045   89.7696   18.7546   1.7121    3.001   18.513

                   226                  0.000   18.8294   94.2046   89.8069   18.7514   1.7117    2.990   18.512
                   227                  0.000   18.8287   94.2045   89.8776   18.7507   1.7117    2.969   18.514

                   228                  0.000   18.8329   94.2045   89.9296   18.7549   1.7121    2.954   18.521

                   229                  0.000    4.5081   74.4013  172.3560    4.1485   1.7643   -3.764    1.745
                   230                  0.000    4.5032   74.4014  172.2358    4.1440   1.7623   -3.756    1.751

                   231                  0.000    4.4995   74.4015  172.0956    4.1406   1.7609   -3.749    1.757

                   232                  0.000    4.4990   74.4015  171.9454    4.1402   1.7607   -3.745    1.766
                   233                  0.000    4.5000   74.4016  171.7934    4.1411   1.7611   -3.741    1.775

                   234                  0.000    4.5012   74.4016  171.6646    4.1422   1.7615   -3.739    1.783

                   235                  0.000   10.0161   88.9374  178.1544    9.8653   1.7318   -9.290    3.319
                   236                  0.000   10.0102   88.9373  178.0393    9.8594   1.7308   -9.279    3.334

                   237                  0.000   10.0094   88.9373  177.9472    9.8587   1.7306   -9.273    3.347

                   238                  0.000   10.0135   88.9372  177.8551    9.8627   1.7313   -9.272    3.362
                   239                  0.000   10.0166   88.9372  177.8107    9.8657   1.7319   -9.273    3.369

                   240                  0.000   16.2551   93.1169  184.8503   16.1602   1.7541  -15.705    3.809

                   241                  0.000   16.2525   93.1168  184.8975   16.1576   1.7538  -15.705    3.797
                   242                  0.000   16.2524   93.1169  184.9633   16.1575   1.7538  -15.709    3.781

                   243                  0.000   16.2541   93.1169  185.0032   16.1592   1.7540  -15.713    3.772

                   244                  0.000   16.2589   93.1170  185.0424   16.1640   1.7545  -15.720    3.763
                   245                  0.000   17.2033   93.6429  245.9475   17.1176   1.7150  -12.849  -11.309

                   246                  0.000   17.1992   93.6431  245.9073   17.1135   1.7146  -12.854  -11.299

                   247                  0.000   17.1976   93.6431  245.8568   17.1119   1.7144  -12.861  -11.287
                   248                  0.000   17.1982   93.6433  245.8149   17.1125   1.7144  -12.869  -11.279

                   249                  0.000   17.2014   93.6432  245.7677   17.1157   1.7147  -12.880  -11.272


  Pagina 4 di 13





  Codice          Nome   Altezza  Distanza    Angolo    Angolo  Distanza    Quota  Co.Rel.  Co.Rel.

  punto           punto   Prisma     incl.     vert.    orizz.    orizz.     rel.     Nord      Est


                  250      0.000    7.3044   84.7644  281.3122    7.0962   1.7315   -2.053   -6.793
                  251      0.000    7.2969   84.7645  281.1855    7.0889   1.7297   -2.065   -6.782

                  252      0.000    7.2931   84.7645  280.9896    7.0852   1.7288   -2.084   -6.772

                  253      0.000    7.2962   84.7645  280.8562    7.0883   1.7295   -2.100   -6.770
                  254      0.000    7.3012   84.7646  280.7594    7.0931   1.7307   -2.111   -6.772

                  255      0.000   10.6926   89.7295  292.7112   10.5538   1.7175   -1.206  -10.485

                  256      0.000   10.6855   89.7294  292.7876   10.5467   1.7164   -1.192  -10.479
                  257      0.000   10.6827   89.7293  292.9053   10.5440   1.7160   -1.173  -10.479

                  258      0.000   10.6864   89.7293  293.0157   10.5476   1.7166   -1.155  -10.484

                  259      0.000   10.6934   89.7294  293.1031   10.5545   1.7177   -1.141  -10.493
                  260      0.000    8.5232   86.7355  364.0925    8.3389   1.7631    7.047   -4.458

                  261      0.000    8.5199   86.7354  364.2087    8.3356   1.7624    7.053   -4.443

                  262      0.000    8.5210   86.7354  364.3350    8.3367   1.7626    7.062   -4.430
                  263      0.000    8.5281   86.7355  364.4589    8.3437   1.7641    7.077   -4.420

                  264      0.000   15.6204   92.7970  149.0170   15.5205   1.7636  -10.804   11.143

                  265      0.000   15.6153   92.7970  149.0959   15.5155   1.7630  -10.814   11.126
                  266      0.000   15.6165   92.7970  149.1727   15.5166   1.7632  -10.828   11.114

                  267      0.000   15.6208   92.7970  149.2302   15.5209   1.7636  -10.841   11.107

                  268      0.000   16.6547   93.1468  261.8061   16.5583   1.7894   -9.349  -13.667
                  269      0.000   16.6474   93.1466  261.8643   16.5510   1.7887   -9.332  -13.669

                  270      0.000   16.6473   93.1467  261.9459   16.5509   1.7886   -9.315  -13.681

                  271      0.000   16.6496   93.1467  261.9818   16.5532   1.7889   -9.308  -13.688
                  272      0.000   16.6531   93.1467  262.0304   16.5567   1.7893   -9.300  -13.698

                  100      0.000   17.1040  100.1552    0.0011   17.1039  -0.0417   17.104    0.000

                  100      0.000   17.1039  100.1552    0.0011   17.1038  -0.0417   17.104    0.000


























































  Pagina 5 di 13






  File:                   16.GPO

  N.Lavoro:               1


  Nome Lavoro:            16

  Operatore:


  Strumento:

  Data:                   16/01/2020





  Nome Stazione:          100


  Identificativo:

  Temperatura:


  Pressione:

  Altezza strum:          0.000



  Codice           Nome               Altezza  Distanza    Angolo    Angolo  Distanza    Quota  Co.Rel.  Co.Rel.

  punto            punto               Prisma     incl.     vert.    orizz.    orizz.     rel.     Nord      Est


                   200                  0.000   17.1043  100.1552    0.0000   17.1042  -0.0417   17.104    0.000
                   300                  0.000   14.1721  100.2331  188.7091   14.1720  -0.0519  -13.950    2.500

                   300                  0.000   14.1724  100.2329  188.7091   14.1723  -0.0518  -13.950    2.500

                   300                  0.000   14.1725  100.2328  188.7091   14.1724  -0.0518  -13.950    2.500
                   300                  0.000   14.1724  100.2329  188.7090   14.1723  -0.0518  -13.950    2.500

                   300                  0.000   14.1724  100.2330  188.7090   14.1723  -0.0519  -13.950    2.500

























































  Pagina 6 di 13






  File:                   16.GPO

  N.Lavoro:               1


  Nome Lavoro:            16

  Operatore:


  Strumento:

  Data:                   16/01/2020





  Nome Stazione:          300


  Identificativo:

  Temperatura:


  Pressione:

  Altezza strum:          0.000



  Codice           Nome               Altezza  Distanza    Angolo    Angolo  Distanza    Quota  Co.Rel.  Co.Rel.

  punto            punto               Prisma     incl.     vert.    orizz.    orizz.     rel.     Nord      Est


                   100                  0.000   14.1728  100.5701    0.0000   14.1722  -0.1269   14.172    0.000
                   100                  0.000   14.1729  100.5735    0.0001   14.1723  -0.1277   14.172    0.000

                   100                  0.000   14.1732  100.5736    0.0001   14.1726  -0.1277   14.173    0.000

                   100                  0.000   14.1727  100.5737    0.0001   14.1721  -0.1277   14.172    0.000
                   100                  0.000   14.1730  100.5737    0.0001   14.1724  -0.1277   14.172    0.000

                   2000                 0.000   14.1729  100.5737    0.0001   14.1723  -0.1277   14.172    0.000

                   200                  0.000   14.1728  100.5736    0.0001   14.1722  -0.1277   14.172    0.000
                   350                  0.000   10.2910   89.1875    6.9882   10.1429   1.7395   10.082    1.111

                   351                  0.000   10.2859   89.1874    6.8982   10.1379   1.7386   10.078    1.096

                   352                  0.000   10.2840   89.1873    6.8053   10.1360   1.7383   10.078    1.081
                   353                  0.000   10.2872   89.1873    6.7240   10.1392   1.7388   10.083    1.069

                   354                  0.000   25.1207   95.5850   13.9843   25.0603   1.7407   24.458    5.461

                   355                  0.000   25.1178   95.5850   14.0240   25.0574   1.7405   24.452    5.475
                   356                  0.000   25.1178   95.5850   14.0729   25.0574   1.7405   24.448    5.494

                   357                  0.000   25.1209   95.5850   14.1081   25.0605   1.7408   24.448    5.508

                   358                  0.000    4.9589   77.6653   22.7825    4.6568   1.7043    4.362    1.631
                   359                  0.000    4.9579   77.6654   22.9119    4.6559   1.7039    4.358    1.640

                   360                  0.000    4.9599   77.6654   23.0831    4.6578   1.7046    4.355    1.652

                   361                  0.000    4.9641   77.6655   23.2761    4.6617   1.7060    4.354    1.667
                   362                  0.000    9.3146   88.0366   89.2084    9.1506   1.7401    1.544    9.019

                   363                  0.000    9.3082   88.0366   89.3217    9.1443   1.7389    1.527    9.016

                   364                  0.000    9.3070   88.0366   89.3994    9.1431   1.7387    1.515    9.017
                   365                  0.000    9.3085   88.0365   89.4865    9.1446   1.7390    1.503    9.020

                   366                  0.000    9.3138   88.0363   89.5722    9.1498   1.7400    1.492    9.027

                   367                  0.000   32.1893   96.6036  117.8790   32.1435   1.7165   -8.909   30.884
                   368                  0.000   32.1870   96.6036  117.9072   32.1412   1.7164   -8.922   30.878

                   369                  0.000   32.1878   96.6036  117.9460   32.1420   1.7164   -8.941   30.873

                   370                  0.000   32.1875   96.6035  117.9460   32.1417   1.7165   -8.941   30.873
                   371                  0.000   32.1895   96.6035  117.9737   32.1437   1.7166   -8.955   30.871

                   372                  0.000   24.7371   95.7005  126.1911   24.6807   1.6694   -9.870   22.621

                   373                  0.000   24.7326   95.7005  126.1499   24.6762   1.6691   -9.853   22.624
                   374                  0.000   24.7300   95.7006  126.1016   24.6736   1.6689   -9.835   22.629

                   375                  0.000   24.7318   95.7006  126.0612   24.6754   1.6690   -9.822   22.637

                   376                  0.000   24.7350   95.7007  126.0351   24.6786   1.6692   -9.814   22.644
                   377                  0.000   16.7813   93.6281  128.0245   16.6973   1.6768   -7.115   15.105

                   378                  0.000   16.7777   93.6281  127.9940   16.6937   1.6765   -7.106   15.106

                   379                  0.000   16.7746   93.6280  127.9341   16.6906   1.6762   -7.091   15.109
                   380                  0.000   16.7755   93.6281  127.8777   16.6915   1.6763   -7.078   15.117

                   381                  0.000   16.7796   93.6281  127.8280   16.6956   1.6767   -7.068   15.126


  Pagina 7 di 13





  Codice          Nome   Altezza  Distanza    Angolo    Angolo  Distanza    Quota  Co.Rel.  Co.Rel.

  punto           punto   Prisma     incl.     vert.    orizz.    orizz.     rel.     Nord      Est


                  382      0.000    2.7551   58.0915  172.3186    2.1794   1.6855   -1.977    0.918
                  383      0.000    2.7470   58.0916  171.8002    2.1730   1.6805   -1.963    0.931

                  384      0.000    2.7465   58.0917  171.3876    2.1726   1.6802   -1.957    0.944

                  385      0.000    2.7512   58.0918  170.9645    2.1763   1.6831   -1.954    0.959
                  386      0.000    2.7626   58.0920  170.5533    2.1853   1.6901   -1.956    0.975

                  387      0.000   13.9133   92.4966  316.2484   13.8168   1.6361    3.488  -13.369

                  388      0.000   13.9080   92.4968  316.1699   13.8115   1.6354    3.470  -13.368
                  389      0.000   13.9071   92.4968  316.1106   13.8106   1.6353    3.458  -13.371

                  390      0.000   13.9089   92.4969  316.0575   13.8124   1.6355    3.447  -13.375

                  391      0.000   13.9134   92.4971  316.0103   13.8169   1.6360    3.438  -13.382
                  392      0.000   16.9016   93.5403  328.7984   16.8147   1.7120    7.350  -15.123

                  393      0.000   16.8960   93.5404  328.8818   16.8091   1.7114    7.367  -15.109

                  394      0.000   16.8974   93.5404  328.9466   16.8105   1.7116    7.383  -15.102
                  395      0.000   16.9025   93.5403  328.9971   16.8156   1.7121    7.397  -15.101

                  396      0.000   15.1350   92.8377  368.7434   15.0393   1.6992   13.263   -7.091

                  397      0.000   15.1297   92.8378  368.8014   15.0341   1.6986   13.265   -7.076
                  398      0.000   15.1273   92.8380  368.8659   15.0317   1.6982   13.270   -7.062

                  399      0.000   15.1285   92.8380  368.9242   15.0329   1.6984   13.277   -7.050

                  400      0.000   15.1327   92.8381  368.9682   15.0370   1.6988   13.286   -7.043
                  401      0.000   22.1894   95.2233  391.0086   22.1270   1.6634   21.907   -3.115

                  402      0.000   22.1861   95.2234  390.9717   22.1237   1.6631   21.902   -3.127

                  403      0.000   22.1851   95.2233  390.9380   22.1227   1.6630   21.899   -3.138
                  404      0.000   22.1870   95.2233  390.8914   22.1246   1.6632   21.899   -3.155

                  405      0.000   22.1909   95.2233  390.8615   22.1285   1.6635   21.901   -3.166

                  200      0.000   14.1729  100.5701    0.0000   14.1723  -0.1269   14.172    0.000
                  200      0.000   14.1730  100.5709    0.0000   14.1724  -0.1271   14.172    0.000

                  200      0.000   14.1727  100.5707    0.0000   14.1721  -0.1270   14.172    0.000

                  200      0.000   14.1728  100.5707    0.0000   14.1722  -0.1271   14.172    0.000
                  406      0.000   21.2215  100.4190  106.4205   21.2210  -0.1397   -2.137   21.113

                  406      0.000   21.2216  100.4187  106.4205   21.2211  -0.1396   -2.137   21.113

                  406      0.000   21.2217  100.4187  106.4204   21.2212  -0.1396   -2.137   21.113
                  406      0.000   21.2217  100.4188  106.4204   21.2212  -0.1396   -2.137   21.113

                  406      0.000   21.2219  100.4188  106.4205   21.2214  -0.1396   -2.137   21.114

                  406      0.000   21.2215  100.4187  106.4204   21.2210  -0.1396   -2.137   21.113











































  Pagina 8 di 13






  File:                   16.GPO

  N.Lavoro:               1


  Nome Lavoro:            16

  Operatore:


  Strumento:

  Data:                   16/01/2020





  Nome Stazione:          406


  Identificativo:

  Temperatura:


  Pressione:

  Altezza strum:          0.000



  Codice           Nome               Altezza  Distanza    Angolo    Angolo  Distanza    Quota  Co.Rel.  Co.Rel.

  punto            punto               Prisma     incl.     vert.    orizz.    orizz.     rel.     Nord      Est


                   300                  0.000   21.2209  100.1225    0.0000   21.2209  -0.0408   21.221   -0.000
                   300                  0.000   21.2206  100.1219    0.0000   21.2206  -0.0406   21.221   -0.000

                   300                  0.000   21.2206  100.1220    0.0000   21.2206  -0.0407   21.221   -0.000

                   300                  0.000   21.2207  100.1219    0.0000   21.2207  -0.0406   21.221   -0.000
                   407                  0.000   34.9824   96.8138    3.7852   34.9386   1.7501   34.877    2.076

                   408                  0.000   34.9803   96.8141    3.8220   34.9365   1.7498   34.874    2.096

                   409                  0.000   34.9820   96.8142    3.8608   34.9382   1.7499   34.874    2.118
                   410                  0.000   34.9836   96.8142    3.8759   34.9398   1.7499   34.875    2.126

                   411                  0.000   37.4945   96.9721    9.9835   37.4521   1.7826   36.993    5.849

                   412                  0.000   37.4919   96.9724    9.9560   37.4495   1.7823   36.992    5.833
                   413                  0.000   37.4909   96.9722    9.9281   37.4485   1.7824   36.994    5.816

                   414                  0.000   37.4923   96.9723    9.8989   37.4499   1.7824   36.998    5.800

                   415                  0.000   37.4924   96.9723    9.8989   37.4500   1.7824   36.998    5.800
                   416                  0.000   37.4922   96.9723    9.8988   37.4498   1.7824   36.998    5.800

                   417                  0.000   37.4926   96.9723    9.8989   37.4502   1.7824   36.998    5.800

                   418                  0.000   20.5518   94.5791   14.1616   20.4773   1.7479   19.973    4.518
                   419                  0.000   20.5495   94.5791   14.2245   20.4750   1.7477   19.966    4.537

                   420                  0.000   20.5533   94.5791   14.2954   20.4788   1.7480   19.965    4.560

                   421                  0.000   23.5019   95.2384   28.4843   23.4362   1.7562   21.129   10.140
                   422                  0.000   23.4968   95.2383   28.5330   23.4311   1.7558   21.117   10.154

                   423                  0.000   23.4978   95.2385   28.5980   23.4321   1.7558   21.107   10.176

                   424                  0.000   23.4980   95.2384   28.5980   23.4323   1.7559   21.108   10.176
                   425                  0.000   23.5025   95.2384   28.6426   23.4368   1.7562   21.104   10.192

                   426                  0.000   12.6705   91.1908   12.4969   12.5494   1.7477   12.308    2.448

                   427                  0.000   12.6630   91.1908   12.4051   12.5420   1.7467   12.305    2.428
                   428                  0.000   12.6615   91.1907   12.3308   12.5405   1.7465   12.306    2.414

                   429                  0.000   12.6636   91.1908   12.2632   12.5426   1.7467   12.311    2.401

                   430                  0.000   12.6709   91.1908   12.1825   12.5498   1.7477   12.321    2.387
                   431                  0.000   16.1938   93.0618   84.3025   16.0977   1.7614    3.929   15.611

                   432                  0.000   16.1939   93.0614   84.3026   16.0978   1.7615    3.929   15.611

                   433                  0.000   16.1939   93.0614   84.3025   16.0978   1.7615    3.929   15.611
                   434                  0.000   16.1881   93.0618   84.3649   16.0921   1.7608    3.913   15.609

                   435                  0.000   16.1881   93.0615   84.3649   16.0920   1.7608    3.913   15.609

                   436                  0.000   16.1878   93.0618   84.4299   16.0918   1.7607    3.897   15.613
                   437                  0.000   16.1923   93.0618   84.4885   16.0962   1.7612    3.883   15.621

                   438                  0.000   12.0273   90.6481  232.3681   11.8978   1.7605  -10.393   -5.792

                   439                  0.000   12.0212   90.6479  232.2939   11.8917   1.7596  -10.394   -5.777
                   440                  0.000   12.0187   90.6480  232.2248   11.8893   1.7592  -10.398   -5.764

                   441                  0.000   12.0192   90.6483  232.1581   11.8898   1.7592  -10.405   -5.754


  Pagina 9 di 13





  Codice           Nome   Altezza  Distanza   Angolo    Angolo  Distanza   Quota  Co.Rel.  Co.Rel.

  punto            punto   Prisma     incl.    vert.    orizz.    orizz.    rel.     Nord      Est


                   442      0.000   12.0243  90.6483  232.0757   11.8948  1.7600  -10.417   -5.743
                   443      0.000    8.0190  86.0855  280.7734    7.8282  1.7388   -2.328   -7.474

                   444      0.000    8.0179  86.0854  280.9446    7.8271  1.7386   -2.308   -7.479

                   445      0.000    8.0243  86.0850  281.1043    7.8334  1.7400   -2.291   -7.491
                   446      0.000    7.9039  86.0715  349.1052    7.7155  1.7155    5.378   -5.532

                   447      0.000    7.9005  86.0715  349.1970    7.7122  1.7148    5.384   -5.522

                   448      0.000    7.8990  86.0713  349.3139    7.7107  1.7145    5.393   -5.511
                   449      0.000    7.9035  86.0712  349.4750    7.7151  1.7155    5.410   -5.500

                   450      0.000   20.1839  94.5086  393.9236   20.1089  1.7389   20.017   -1.916

                   451      0.000   20.1807  94.5087  393.9793   20.1057  1.7386   20.016   -1.899
                   452      0.000   20.1817  94.5088  394.0286   20.1067  1.7386   20.018   -1.883

                   453      0.000   20.1865  94.5088  394.0781   20.1115  1.7390   20.025   -1.868
















































































  Pagina 10 di 13






  File:                   16.GPO

  N.Lavoro:               1


  Nome Lavoro:            16

  Operatore:


  Strumento:

  Data:                   16/01/2020





  Nome Stazione:          300


  Identificativo:

  Temperatura:


  Pressione:

  Altezza strum:          0.000



  Codice           Nome               Altezza  Distanza    Angolo    Angolo  Distanza    Quota  Co.Rel.  Co.Rel.

  punto            punto               Prisma     incl.     vert.    orizz.    orizz.     rel.     Nord      Est


                   100                  0.000   21.2210  100.1220    0.0000   21.2210  -0.0407   21.221    0.000
                   100                  0.000   21.2208  100.1222    0.0000   21.2208  -0.0407   21.221    0.000

                   100                  0.000   21.2209  100.1221    0.0000   21.2209  -0.0407   21.221    0.000

                   100                  0.000   21.2208  100.1221    0.0001   21.2208  -0.0407   21.221    0.000
                   454                  0.000   23.5050   95.1384   28.6415   23.4365   1.7932   21.104   10.192

                   455                  0.000   23.4998   95.1385   28.5899   23.4313   1.7928   21.108   10.173

                   456                  0.000   23.5000   95.1385   28.5293   23.4315   1.7928   21.118   10.153
                   457                  0.000   23.5040   95.1386   28.4925   23.4355   1.7931   21.127   10.142

                   458                  0.000   23.0080  100.1132  101.7935   23.0080  -0.0409   -0.648   22.999

                   458                  0.000   23.0077  100.1129  101.7935   23.0077  -0.0408   -0.648   22.999
                   458                  0.000   23.0079  100.1129  101.7935   23.0079  -0.0408   -0.648   22.999

                   458                  0.000   23.0080  100.1129  101.7935   23.0080  -0.0408   -0.648   22.999

                   458                  0.000   23.0080  100.1129  101.7935   23.0080  -0.0408   -0.648   22.999
                   458                  0.000   23.0078  100.1129  101.7935   23.0078  -0.0408   -0.648   22.999

                   458                  0.000   23.0078  100.1129  101.7935   23.0078  -0.0408   -0.648   22.999










































  Pagina 11 di 13






  File:                   16.GPO

  N.Lavoro:               1


  Nome Lavoro:            16

  Operatore:


  Strumento:

  Data:                   16/01/2020





  Nome Stazione:          400


  Identificativo:

  Temperatura:


  Pressione:

  Altezza strum:          0.000



  Codice           Nome               Altezza  Distanza    Angolo    Angolo  Distanza    Quota  Co.Rel.  Co.Rel.

  punto            punto               Prisma     incl.     vert.    orizz.    orizz.     rel.     Nord      Est


                   300                  0.000   23.0083  100.3889    0.0000   23.0079  -0.1406   23.008    0.000
                   300                  0.000   23.0086  100.3887    0.0000   23.0082  -0.1405   23.008    0.000

                   300                  0.000   23.0085  100.3887    0.0000   23.0081  -0.1405   23.008    0.000

                   300                  0.000   23.0086  100.3887    0.0000   23.0082  -0.1405   23.008    0.000
                   300                  0.000   23.0084  100.3886    0.0000   23.0080  -0.1404   23.008    0.000

                   406                  0.000   23.0084  100.3884    0.0000   23.0080  -0.1404   23.008    0.000

                   407                  0.000   23.0085  100.3884    0.0000   23.0081  -0.1404   23.008    0.000
                   406                  0.000   23.0084  100.3883    0.0000   23.0080  -0.1403   23.008    0.000

                   406                  0.000   23.0084  100.3883    0.0000   23.0080  -0.1403   23.008    0.000

                   406                  0.000   23.0084  100.3883    0.0000   23.0080  -0.1403   23.008    0.000
                   460                  0.000   30.5705   96.5026  394.6604   30.5244   1.6786   30.417   -2.557

                   461                  0.000   30.5688   96.5029  394.6879   30.5227   1.6784   30.416   -2.544

                   462                  0.000   30.5692   96.5124  394.7238   30.5233   1.6738   30.419   -2.527
                   463                  0.000   30.5707   96.5125  394.7473   30.5248   1.6739   30.421   -2.516

                   464                  0.000   29.1878   96.3429   11.5102   29.1397   1.6758   28.665    5.240

                   465                  0.000    8.7563   87.8518   33.4252    8.5974   1.6608    7.439    4.309
                   466                  0.000    8.7511   87.8518   33.5469    8.5923   1.6598    7.427    4.321

                   467                  0.000    8.7516   87.8517   33.6515    8.5927   1.6599    7.420    4.334

                   468                  0.000    8.7573   87.8516   33.7740    8.5983   1.6610    7.416    4.351
                   469                  0.000   25.3023   95.7225   64.4443   25.2452   1.6988   13.378   21.409

                   470                  0.000   25.2987   95.7223   64.4070   25.2416   1.6986   13.389   21.398

                   471                  0.000   25.2980   95.7222   64.3617   25.2409   1.6986   13.403   21.388
                   472                  0.000   25.3006   95.7223   64.3256   25.2435   1.6988   13.417   21.383

                   473                  0.000   25.3030   95.7224   64.3022   25.2459   1.6989   13.426   21.380

                   474                  0.000   32.0164   96.6100   76.9469   31.9710   1.7041   11.326   29.898
                   475                  0.000   32.0135   96.6101   76.9807   31.9681   1.7039   11.309   29.901

                   476                  0.000   32.0137   96.6102   77.0123   31.9683   1.7038   11.294   29.907

                   477                  0.000   32.0165   96.6102   77.0460   31.9711   1.7040   11.279   29.915
                   478                  0.000   27.2544   96.0575   94.6756   27.2022   1.6867    2.272   27.107

                   479                  0.000   27.2493   96.0575   94.7287   27.1971   1.6864    2.249   27.104

                   480                  0.000   27.2504   96.0577   94.7774   27.1982   1.6864    2.229   27.107
                   481                  0.000   27.2547   96.0576   94.8109   27.2025   1.6867    2.215   27.112

                   482                  0.000   18.9951   94.2687  104.6080   18.9182   1.7078   -1.368   18.869

                   483                  0.000   18.9923   94.2687  104.6491   18.9154   1.7075   -1.380   18.865
                   484                  0.000   18.9921   94.2687  104.7018   18.9152   1.7075   -1.396   18.864

                   485                  0.000   18.9971   94.2687  104.7637   18.9202   1.7079   -1.414   18.867

                   486                  0.000             94.2680  104.8512
                   487                  0.000             94.2679  104.8512

                   488                  0.000             94.2679  104.5119


  Pagina 12 di 13





  Codice           Nome   Altezza  Distanza   Angolo    Angolo  Distanza   Quota  Co.Rel.  Co.Rel.

  punto            punto   Prisma     incl.    vert.    orizz.    orizz.    rel.     Nord      Est


                   489      0.000            94.2680  104.5119
                   490      0.000   18.9919  94.2679  104.6854   18.9150  1.7077   -1.391   18.864

                   491      0.000   18.9919  94.2679  104.6855   18.9150  1.7077   -1.391   18.864

                   492      0.000   10.8200  89.8559  280.9166   10.6829  1.7168   -3.155  -10.207
                   493      0.000   10.8148  89.8559  281.0285   10.6778  1.7160   -3.135  -10.207

                   494      0.000   10.8182  89.8559  281.1657   10.6812  1.7165   -3.114  -10.217

                   495      0.000   10.8245  89.8560  281.2446   10.6874  1.7175   -3.103  -10.227
                   496      0.000            89.8560  280.7631

                   497      0.000            89.8565  281.3562

                   498      0.000   10.8389  88.9994  281.0595   10.6775  1.8636   -3.130  -10.208
                   499      0.000   10.8390  88.9994  281.0595   10.6776  1.8636   -3.130  -10.208


















































































  Pagina 13 di 13



