0|00||||| |||
9|0|10|20||PREGEO 10.00-G,APAG 2.08||-|
1|100|1.000| |
2|200|0.0000|100.5297|17.103|0.000|
2|200|0.0000|100.5297|17.103|0.000|
2|200|0.0000|100.5297|17.104|0.000|
2|200|0.0000|100.5297|17.104|0.000|
2|201|0.0001|32.274|
2|202|32.3187|33.599|
2|203|134.9896|6.717|
2|204|141.1179|7.031|
2|205|295.9827|13.418|
2|206|299.1077|13.270|
2|207|305.5234|32.716|
2|208|305.4897|32.713|
2|209|305.4646|32.713|
2|210|305.4414|32.714|
2|211|305.4131|32.717|
2|212|341.3331|23.276|
2|213|341.3656|23.273|
2|214|341.4136|23.272|
2|215|341.4464|23.273|
2|216|341.4752|23.276|
2|217|365.2825|6.926|
2|218|365.4074|6.921|
2|219|365.5560|6.919|
2|220|365.6966|6.921|
2|221|365.7972|6.926|
2|222|394.6516|20.928|
2|223|394.6004|20.923|
2|224|394.5496|20.922|
2|225|394.5165|20.923|
2|226|394.4886|20.926|
2|227|391.8955|26.594|
2|228|391.9317|26.591|
2|229|391.9753|26.592|
2|230|392.0209|26.596|
2|231|21.6455|20.332|
2|232|21.7058|20.327|
2|233|21.7538|20.327|
2|234|21.7944|20.330|
2|235|21.8267|20.334|
2|236|33.1864|21.053|
2|237|33.2372|21.049|
2|238|33.2887|21.049|
2|239|33.3310|21.052|
2|240|26.5697|10.914|
2|241|26.6383|10.909|
2|242|26.7257|10.908|
2|243|26.8107|10.910|
2|244|26.8723|10.914|
2|245|30.3999|29.753|
2|246|30.4335|29.750|
2|247|30.4705|29.750|
2|248|30.5077|29.753|
2|200|0.0000|100.5198|17.105|0.000|
2|200|0.0000|100.5197|17.105|0.000|
2|200|0.0000|100.5196|17.105|0.000|
1|200|0.000| |
2|100|0.0000|100.1477|17.104|0.000|
2|100|0.0019|100.1462|17.104|0.000|
1|100|0.000| |
2|200|0.0007|100.1459|17.104|0.000|
2|200|0.0007|100.1460|17.104|0.000|
2|200|0.0007|100.1463|17.104|0.000|
2|100|0.0007|17.104|
2|100|0.0007|17.104|
2|100|0.0007|17.104|
2|101|0.0007|17.104|
2|100|0.0007|17.104|
2|100|0.0007|17.104|
2|220|19.6960|11.654|
2|221|19.7549|11.648|
2|222|19.8581|11.646|
2|223|19.9274|11.647|
2|224|19.9822|11.651|
2|225|89.7696|18.755|
2|226|89.8069|18.751|
2|227|89.8776|18.751|
2|228|89.9296|18.755|
2|229|172.3560|4.149|
2|230|172.2358|4.144|
2|231|172.0956|4.141|
2|232|171.9454|4.140|
2|233|171.7934|4.141|
2|234|171.6646|4.142|
2|235|178.1544|9.865|
2|236|178.0393|9.859|
2|237|177.9472|9.859|
2|238|177.8551|9.863|
2|239|177.8107|9.866|
2|240|184.8503|16.160|
2|241|184.8975|16.158|
2|242|184.9633|16.157|
2|243|185.0032|16.159|
2|244|185.0424|16.164|
2|245|245.9475|17.118|
2|246|245.9073|17.114|
2|247|245.8568|17.112|
2|248|245.8149|17.113|
2|249|245.7677|17.116|
2|250|281.3122|7.096|
2|251|281.1855|7.089|
2|252|280.9896|7.085|
2|253|280.8562|7.088|
2|254|280.7594|7.093|
2|255|292.7112|10.554|
2|256|292.7876|10.547|
2|257|292.9053|10.544|
2|258|293.0157|10.548|
2|259|293.1031|10.555|
2|260|364.0925|8.339|
2|261|364.2087|8.336|
2|262|364.3350|8.337|
2|263|364.4589|8.344|
2|264|149.0170|15.521|
2|265|149.0959|15.515|
2|266|149.1727|15.517|
2|267|149.2302|15.521|
2|268|261.8061|16.558|
2|269|261.8643|16.551|
2|270|261.9459|16.551|
2|271|261.9818|16.553|
2|272|262.0304|16.557|
2|100|0.0011|100.1552|17.104|0.000|
2|100|0.0011|100.1552|17.104|0.000|
1|100|0.000| |
2|200|0.0000|100.1552|17.104|0.000|
2|300|188.7091|100.2331|14.172|0.000|
2|300|188.7091|100.2329|14.172|0.000|
2|300|188.7091|100.2328|14.172|0.000|
2|300|188.7090|100.2329|14.172|0.000|
2|300|188.7090|100.2330|14.172|0.000|
1|300|0.000| |
2|100|0.0000|100.5701|14.173|0.000|
2|100|0.0001|100.5735|14.173|0.000|
2|100|0.0001|100.5736|14.173|0.000|
2|100|0.0001|100.5737|14.173|0.000|
2|100|0.0001|100.5737|14.173|0.000|
2|2000|0.0001|14.172|
2|200|0.0001|14.172|
2|350|6.9882|10.143|
2|351|6.8982|10.138|
2|352|6.8053|10.136|
2|353|6.7240|10.139|
2|354|13.9843|25.060|
2|355|14.0240|25.057|
2|356|14.0729|25.057|
2|357|14.1081|25.061|
2|358|22.7825|4.657|
2|359|22.9119|4.656|
2|360|23.0831|4.658|
2|361|23.2761|4.662|
2|362|89.2084|9.151|
2|363|89.3217|9.144|
2|364|89.3994|9.143|
2|365|89.4865|9.145|
2|366|89.5722|9.150|
2|367|117.8790|32.144|
2|368|117.9072|32.141|
2|369|117.9460|32.142|
2|370|117.9460|32.142|
2|371|117.9737|32.144|
2|372|126.1911|24.681|
2|373|126.1499|24.676|
2|374|126.1016|24.674|
2|375|126.0612|24.675|
2|376|126.0351|24.679|
2|377|128.0245|16.697|
2|378|127.9940|16.694|
2|379|127.9341|16.691|
2|380|127.8777|16.692|
2|381|127.8280|16.696|
2|382|172.3186|2.179|
2|383|171.8002|2.173|
2|384|171.3876|2.173|
2|385|170.9645|2.176|
2|386|170.5533|2.185|
2|387|316.2484|13.817|
2|388|316.1699|13.812|
2|389|316.1106|13.811|
2|390|316.0575|13.812|
2|391|316.0103|13.817|
2|392|328.7984|16.815|
2|393|328.8818|16.809|
2|394|328.9466|16.810|
2|395|328.9971|16.816|
2|396|368.7434|15.039|
2|397|368.8014|15.034|
2|398|368.8659|15.032|
2|399|368.9242|15.033|
2|400|368.9682|92.8381|15.133|0.000|
2|401|391.0086|22.127|
2|402|390.9717|22.124|
2|403|390.9380|22.123|
2|404|390.8914|22.125|
2|405|390.8615|22.128|
2|200|0.0000|14.172|
2|200|0.0000|14.172|
2|200|0.0000|14.172|
2|200|0.0000|14.172|
2|406|106.4205|100.4190|21.221|0.000|
2|406|106.4205|100.4187|21.222|0.000|
2|406|106.4204|100.4187|21.222|0.000|
2|406|106.4204|100.4188|21.222|0.000|
2|406|106.4205|100.4188|21.222|0.000|
2|406|106.4204|100.4187|21.221|0.000|
1|406|0.000| |
2|300|-0.0000|100.1225|21.221|0.000|
2|300|-0.0000|100.1219|21.221|0.000|
2|300|-0.0000|100.1220|21.221|0.000|
2|300|-0.0000|100.1219|21.221|0.000|
2|407|3.7852|34.939|
2|408|3.8220|34.937|
2|409|3.8608|34.938|
2|410|3.8759|34.940|
2|411|9.9835|37.452|
2|412|9.9560|37.450|
2|413|9.9281|37.449|
2|414|9.8989|37.450|
2|415|9.8989|37.450|
2|416|9.8988|37.450|
2|417|9.8989|37.450|
2|418|14.1616|20.477|
2|419|14.2245|20.475|
2|420|14.2954|20.479|
2|421|28.4843|23.436|
2|422|28.5330|23.431|
2|423|28.5980|23.432|
2|424|28.5980|23.432|
2|425|28.6426|23.437|
2|426|12.4969|12.549|
2|427|12.4051|12.542|
2|428|12.3308|12.540|
2|429|12.2632|12.543|
2|430|12.1825|12.550|
2|431|84.3025|16.098|
2|432|84.3026|16.098|
2|433|84.3025|16.098|
2|434|84.3649|16.092|
2|435|84.3649|16.092|
2|436|84.4299|16.092|
2|437|84.4885|16.096|
2|438|232.3681|11.898|
2|439|232.2939|11.892|
2|440|232.2248|11.889|
2|441|232.1581|11.890|
2|442|232.0757|11.895|
2|443|280.7734|7.828|
2|444|280.9446|7.827|
2|445|281.1043|7.833|
2|446|349.1052|7.715|
2|447|349.1970|7.712|
2|448|349.3139|7.711|
2|449|349.4750|7.715|
2|450|393.9236|20.109|
2|451|393.9793|20.106|
2|452|394.0286|20.107|
2|453|394.0781|20.111|
1|300|0.000| |
2|100|0.0000|100.1220|21.221|0.000|
2|100|0.0000|100.1222|21.221|0.000|
2|100|0.0000|100.1221|21.221|0.000|
2|100|0.0001|100.1221|21.221|0.000|
2|454|28.6415|23.436|
2|455|28.5899|23.431|
2|456|28.5293|23.432|
2|457|28.4925|23.436|
2|458|101.7935|23.008|
2|458|101.7935|23.008|
2|458|101.7935|23.008|
2|458|101.7935|23.008|
2|458|101.7935|23.008|
2|458|101.7935|23.008|
2|458|101.7935|23.008|
1|400|0.000| |
2|300|0.0000|100.3889|23.008|0.000|
2|300|0.0000|100.3887|23.009|0.000|
2|300|0.0000|100.3887|23.009|0.000|
2|300|0.0000|100.3887|23.009|0.000|
2|300|0.0000|100.3886|23.008|0.000|
2|406|0.0000|23.008|
2|407|0.0000|23.008|
2|406|0.0000|23.008|
2|406|0.0000|23.008|
2|406|0.0000|23.008|
2|460|394.6604|30.524|
2|461|394.6879|30.523|
2|462|394.7238|30.523|
2|463|394.7473|30.525|
2|464|11.5102|29.140|
2|465|33.4252|8.597|
2|466|33.5469|8.592|
2|467|33.6515|8.593|
2|468|33.7740|8.598|
2|469|64.4443|25.245|
2|470|64.4070|25.242|
2|471|64.3617|25.241|
2|472|64.3256|25.244|
2|473|64.3022|25.246|
2|474|76.9469|31.971|
2|475|76.9807|31.968|
2|476|77.0123|31.968|
2|477|77.0460|31.971|
2|478|94.6756|27.202|
2|479|94.7287|27.197|
2|480|94.7774|27.198|
2|481|94.8109|27.202|
2|482|104.6080|18.918|
2|483|104.6491|18.915|
2|484|104.7018|18.915|
2|485|104.7637|18.920|
2|486|104.8512|0.000|
2|487|104.8512|0.000|
2|488|104.5119|0.000|
2|489|104.5119|0.000|
2|490|104.6854|18.915|
2|491|104.6855|18.915|
2|492|280.9166|10.683|
2|493|281.0285|10.678|
2|494|281.1657|10.681|
2|495|281.2446|10.687|
2|496|280.7631|0.000|
2|497|281.3562|0.000|
2|498|281.0595|10.677|
2|499|281.0595|10.678|
